50 20
L 24 5 3 30
L 22 7 3 30
L 22 6 3 25
L 24 13 3 25
L 20 4 3 14
L 21 2 3 8
L 24 4 3 7
L 18 4 3 5
L 21 5 3 5
L 16 8 3 4
L 20 3 3 4
L 23 6 3 3
L 23 1 3 3
L 23 7 3 3
L 22 5 3 2
L 22 3 3 2
L 21 6 3 2
L 23 5 3 1
L 21 4 3 1
L 20 8 3 1
W 41 5 15 30
W 44 5 12 30
W 48 5 9 19
W 44 14 9 18
W 49 4 9 8
A 16 6 4 30
C 49 0 5 30 0 0
A 12 0 4 30
O 1 9 10 30
O 25 10 4 30
O 32 0 4 30
Z 31 4 2 30
Z 16 14 2 30
Z 34 8 2 30
T 34 11 0 30
J 39 18 99 30
J 13 9 99 30
T 0 4 0 30
G 16 19 0 30
M 38 8 0 30
J 28 1 99 30
M 6 11 0 30
T 15 11 0 30
B 38 16 10 30
B 2 13 10 30
M 33 13 0 30
B 32 17 10 30
J 27 1 99 29
G 40 5 0 29
T 15 10 0 28
B 2 14 10 27
T 16 10 0 26
G 5 10 0 24
T 14 9 0 24
T 16 11 0 24
M 39 9 0 23
B 3 13 10 22
M 7 12 0 21
B 39 15 10 21
M 32 13 0 20
G 6 9 0 20
G 15 18 0 20
M 34 12 0 19
M 37 7 0 19
T 33 11 0 19
B 3 12 10 19
T 14 11 0 19
M 33 14 0 19
M 33 12 0 18
G 5 8 0 18
M 37 8 0 18
M 32 14 0 18
M 34 13 0 18
M 36 9 0 17
M 35 13 0 17
B 39 16 10 17
G 15 19 0 16
M 36 7 0 15
T 14 10 0 15
M 34 14 0 15
J 13 10 99 14
M 31 13 0 14
M 7 11 0 14
M 8 11 0 14
M 32 15 0 14
M 34 15 0 13
M 36 8 0 13
M 6 13 0 13
M 36 14 0 13
M 38 7 0 12
M 5 11 0 12
T 32 11 0 12
G 14 18 0 11
M 7 13 0 11
G 4 7 0 11
T 32 12 0 11
M 35 12 0 11
G 3 9 0 11
T 31 11 0 11
M 35 14 0 10
M 35 9 0 10
T 17 12 0 10
M 37 9 0 10
M 5 12 0 10
M 36 13 0 10
M 33 15 0 10
M 6 10 0 9
T 33 10 0 9
B 3 14 10 9
M 30 15 0 9
M 8 10 0 9
M 35 11 0 9
T 17 11 0 9
T 16 12 0 9
J 12 11 99 9
M 36 10 0 9
M 31 15 0 9
T 15 8 0 9
T 17 10 0 9
M 8 13 0 8
G 2 10 0 8
M 38 10 0 8
M 37 10 0 8
M 36 12 0 8
M 6 14 0 7
M 9 14 0 7
T 16 8 0 7
M 37 14 0 7
M 32 16 0 7
M 38 9 0 7
M 31 12 0 7
M 30 14 0 7
T 15 9 0 6
M 29 13 0 6
M 35 15 0 6
M 31 14 0 6
T 16 9 0 6
M 39 8 0 6
T 14 8 0 6
M 34 10 0 6
M 30 11 0 6
M 37 11 0 6
M 7 10 0 6
M 35 10 0 5
M 33 16 0 5
M 37 13 0 5
M 30 12 0 5
M 30 13 0 5
B 1 14 10 4
B 38 15 10 4
M 9 12 0 4
M 37 12 0 4
M 39 10 0 4
M 35 16 0 4
M 29 12 0 4
M 7 14 0 4
M 37 6 0 4
M 38 11 0 3
M 8 14 0 3
M 38 6 0 3
M 40 11 0 3
M 29 15 0 3
M 34 9 0 3
M 36 11 0 3
M 39 7 0 3
M 36 15 0 3
G 42 6 0 3
M 6 12 0 3
M 31 16 0 3
M 7 9 0 2
M 40 10 0 2
T 17 7 0 2
M 37 15 0 2
M 29 11 0 2
B 38 14 10 2
M 39 12 0 2
M 28 16 0 2
M 29 14 0 2
M 9 15 0 2
M 5 13 0 2
M 8 9 0 2
M 10 15 0 1
M 37 16 0 1
M 37 5 0 1
M 28 11 0 1
M 28 12 0 1
M 39 11 0 1
M 38 13 0 1
M 34 17 0 1
M 40 12 0 1
M 8 15 0 1
G 1 10 0 1
B 3 15 10 1
M 35 8 0 1
G 3 7 0 1
G 13 17 0 1
M 39 6 0 1
M 5 14 0 1
M 36 6 0 1
G 15 17 0 1
B 4 14 10 1
M 40 8 0 1
L 24 7 3 0
L 22 4 3 0
L 20 5 3 0
L 23 4 3 0
L 20 2 3 0
L 23 8 3 0
L 19 6 3 0
L 20 6 3 0
